728 1500 123
2 287
4 688
7 541
11 328
13 838
23 128
25 989
29 379
32 208
33 904
34 752
35 359
36 754
39 939
40 80
41 242
43 601
46 227
47 462
48 329
49 654
50 602
57 30
58 312
62 554
66 45
70 695
73 129
74 141
76 38
77 65
79 846
82 381
84 597
85 683
86 290
87 825
88 423
89 792
90 67
95 754
96 476
97 277
98 660
99 963
105 264
106 813
107 858
109 865
110 544
112 770
114 452
115 773
120 507
121 253
122 948
124 850
125 152
127 640
128 903
129 147
130 178
131 447
134 135
142 998
143 965
144 839
145 48
146 559
147 754
148 122
150 859
156 338
158 85
162 664
163 543
164 909
166 726
167 814
168 264
169 437
170 773
176 13
177 290
180 502
185 452
187 916
191 326
192 475
194 478
196 958
198 21
199 340
203 275
205 98
206 637
211 362
213 490
214 102
215 310
223 912
224 835
225 257
231 477
232 49
233 206
237 273
238 440
240 633
241 618
242 30
244 152
246 423
247 596
248 97
250 887
251 646
256 786
257 14
258 84
260 954
264 998
265 833
266 366
270 175
272 955
273 285
275 340
276 13
277 817
278 553
279 765
286 239
288 979
290 375
291 392
293 577
297 475
299 751
300 36
301 946
305 120
307 89
311 998
312 74
321 516
324 443
328 933
329 973
330 408
332 604
333 859
336 298
339 439
340 640
341 76
343 187
346 935
347 355
348 799
352 956
354 819
357 366
358 741
359 219
360 554
361 730
368 38
369 576
370 324
375 998
377 890
378 96
380 813
383 113
386 387
390 454
391 606
392 497
393 92
395 919
397 123
398 552
399 858
401 217
402 507
404 734
405 22
408 534
411 130
412 84
413 817
414 60
415 117
416 292
417 219
419 601
420 614
421 585
427 563
430 417
432 939
434 418
437 477
438 128
441 170
443 968
445 790
447 992
448 508
449 659
450 661
451 601
452 906
453 925
454 688
455 376
456 238
459 583
463 140
464 387
467 48
470 581
473 171
474 938
478 736
483 59
484 431
485 165
489 364
490 953
491 648
493 368
495 421
497 58
499 411
501 906
502 331
505 583
506 510
507 368
508 129
511 405
513 134
514 460
515 295
516 828
518 882
519 662
521 248
523 873
525 790
526 873
527 521
528 320
529 276
530 274
531 1000
536 129
538 503
539 420
544 250
547 859
548 278
550 906
553 453
555 417
557 206
560 298
561 316
562 134
563 719
567 786
568 48
569 411
570 386
573 938
574 81
575 772
577 429
578 835
579 898
580 62
583 168
585 366
586 769
587 25
588 569
591 909
593 725
595 574
596 472
602 750
607 750
608 215
610 346
612 33
613 855
615 123
616 400
617 104
618 818
619 174
620 788
621 717
625 754
630 134
637 407
638 305
639 942
640 87
641 306
642 498
643 755
646 709
652 523
653 256
656 642
659 118
660 864
661 916
663 614
665 112
667 527
671 209
674 858
675 987
677 694
678 656
679 104
680 725
681 577
682 634
684 301
685 470
687 626
689 902
691 272
692 733
693 338
695 483
699 728
700 260
701 343
702 866
704 525
706 532
709 437
710 28
711 708
712 782
715 805
716 521
718 6
719 136
722 794
723 892
726 97
728 852
729 298
730 22
734 221
739 609
740 536
741 987
742 584
743 932
750 996
754 710
755 842
757 336
758 614
761 801
762 962
764 835
769 490
772 826
774 767
775 403
776 770
777 813
779 205
782 173
783 617
784 192
785 208
786 93
788 99
790 67
794 486
800 973
802 906
806 884
807 249
808 45
809 343
810 196
811 477
812 803
815 683
816 975
820 243
822 851
823 182
824 706
829 82
831 288
833 323
835 140
837 756
838 181
839 89
840 392
842 122
843 543
849 598
851 363
852 29
854 692
855 556
858 949
859 238
861 918
862 672
865 8
867 725
871 676
875 844
876 399
877 17
882 355
884 147
886 328
888 234
889 205
892 508
897 367
900 546
902 296
905 994
907 834
909 566
910 566
913 880
916 180
917 766
918 382
921 984
923 928
924 195
926 794
927 366
929 672
930 563
931 272
934 479
936 854
937 895
940 854
941 650
942 539
943 245
945 647
946 831
947 436
948 393
949 652
950 861
952 543
955 520
956 443
958 958
959 226
960 105
962 124
963 450
964 188
965 205
968 80
969 177
970 80
971 85
973 960
974 641
975 507
976 466
978 355
983 602
984 273
986 222
987 557
989 695
992 953
994 618
997 299
998 592
1000 162
1006 164
1008 860
1011 163
1018 665
1020 792
1022 633
1023 827
1024 826
1028 609
1029 589
1031 655
1032 367
1033 391
1035 658
1037 138
1038 204
1039 931
1041 52
1042 616
1046 35
1048 489
1050 286
1051 75
1054 435
1057 720
1059 496
1070 111
1072 128
1074 133
1076 670
1078 572
1079 690
1080 114
1081 25
1082 232
1085 602
1086 590
1090 703
1092 751
1093 166
1095 89
1097 966
1100 103
1105 552
1107 338
1111 411
1113 800
1114 713
1117 558
1119 27
1120 969
1121 991
1123 906
1125 745
1127 855
1128 72
1129 749
1132 954
1135 459
1136 755
1137 76
1140 51
1142 159
1147 742
1148 375
1155 494
1159 333
1162 788
1168 512
1170 20
1171 850
1172 364
1174 276
1175 955
1176 504
1177 499
1178 655
1180 486
1185 336
1187 560
1189 485
1194 188
1195 739
1198 692
1199 741
1203 504
1205 548
1206 919
1207 155
1209 842
1210 660
1211 28
1213 699
1216 532
1219 21
1220 702
1224 274
1225 988
1227 819
1228 647
1229 31
1232 517
1233 212
1234 292
1235 256
1236 746
1238 736
1240 326
1241 576
1243 405
1245 968
1247 236
1248 485
1249 919
1250 758
1251 325
1252 572
1254 265
1258 372
1260 197
1263 528
1270 672
1273 596
1274 64
1276 218
1277 505
1279 666
1280 812
1281 76
1284 638
1286 518
1287 137
1288 228
1291 470
1292 615
1293 906
1294 935
1295 209
1297 69
1299 471
1300 560
1302 878
1305 178
1309 147
1311 758
1313 201
1314 860
1315 634
1318 718
1320 397
1324 290
1327 610
1329 958
1330 38
1331 867
1332 569
1333 793
1340 164
1341 463
1342 283
1344 66
1345 108
1346 293
1347 98
1348 178
1349 291
1352 680
1353 322
1354 795
1355 61
1357 557
1365 180
1366 879
1372 151
1373 426
1374 756
1377 638
1379 300
1381 27
1383 266
1393 248
1395 755
1397 430
1398 392
1400 905
1402 275
1405 483
1407 304
1409 370
1410 573
1411 238
1412 820
1416 555
1418 924
1419 410
1421 847
1422 749
1429 215
1438 739
1440 686
1441 646
1443 386
1444 727
1446 544
1447 233
1450 166
1452 378
1454 398
1455 375
1459 245
1460 565
1461 736
1462 208
1465 429
1466 118
1468 517
1469 406
1472 24
1476 243
1478 952
1480 434
1481 159
1482 335
1484 953
1486 896
1487 149
1488 138
1493 73
1494 346
1495 752
1500 986
